21:24:20.621 184437,1872,1.509,-0.015,-344556,NA
21:24:20.835 184668,1872,1.509,-0.023,-344601,NA
21:24:22.283 186115,1872,1.509,-0.027,-344598,NA
21:24:22.486 186312,1871,1.509,-0.032,-344650,NA
21:24:23.552 187215,1873,1.510,-0.003,-344595,NA
21:24:23.598 187434,1872,1.509,-0.012,-344652,NA
21:24:24.936 188718,1872,1.509,-0.018,-344555,NA
21:24:25.050 188885,1872,1.509,-0.023,-344616,NA
21:24:25.595 189407,1872,1.509,-0.028,-344616,NA
21:24:26.048 189851,1871,1.508,-0.032,-344508,NA
21:24:26.719 190551,1871,1.508,-0.038,-344528,NA
21:24:27.063 190871,1871,1.508,-0.041,-344491,NA
21:24:27.744 191530,1871,1.508,-0.044,-344591,NA
21:24:28.064 191888,1871,1.508,-0.047,-344562,NA
21:24:28.561 192373,1871,1.508,-0.049,-344517,NA
21:24:29.042 192596,1872,1.509,-0.019,-344557,NA
21:24:30.179 193991,1872,1.509,-0.024,-344561,NA
21:24:30.377 194187,1872,1.509,-0.029,-344538,NA
21:24:31.030 194812,1871,1.508,-0.033,-344547,NA
21:24:31.902 195730,1871,1.508,-0.037,-344564,NA
21:24:33.544 197323,1871,1.508,-0.040,-344576,NA
21:24:34.077 197872,1871,1.508,-0.043,-344555,NA
21:24:35.025 198595,1872,1.509,-0.014,-344586,NA
21:24:35.984 199768,1872,1.509,-0.020,-344567,NA
21:24:37.423 201245,1872,1.509,-0.025,-344569,NA
21:24:37.987 201820,1872,1.509,-0.027,-344650,NA
21:24:38.679 202449,1872,1.509,-0.030,-344602,NA
21:24:39.415 203235,1871,1.509,-0.032,-344583,NA
21:24:39.736 203565,1871,1.509,-0.032,-344595,NA
21:24:40.070 203896,1871,1.508,-0.034,-344622,NA
21:24:42.547 205354,1873,1.510,-0.005,-344600,NA
21:24:42.601 206429,1872,1.509,-0.012,-344635,NA
21:24:42.918 206749,1872,1.509,-0.015,-344619,NA
21:24:44.508 208284,1872,1.509,-0.019,-344606,NA
21:24:45.555 209370,1872,1.509,-0.022,-344537,NA
21:24:46.519 210355,1872,1.509,-0.027,-344455,NA
21:24:46.711 210521,1872,1.509,-0.029,-344542,NA
21:24:47.151 210971,1871,1.509,-0.032,-344519,NA
21:24:49.029 212471,1873,1.510,0.001,-344537,NA
21:24:50.084 213892,1873,1.510,-0.006,-344538,NA
21:24:51.145 214972,1872,1.509,-0.011,-344545,NA
21:24:51.673 215446,1872,1.509,-0.017,-344575,NA
21:24:52.023 215801,1872,1.509,-0.022,-344704,NA
21:24:53.337 217109,1872,1.509,-0.027,-344588,NA
21:24:53.472 217303,1872,1.509,-0.029,-344604,NA
21:24:55.471 218856,1873,1.510,0.001,-344405,NA
21:24:56.590 220409,1873,1.510,-0.006,-344495,NA
21:24:57.307 221078,1872,1.509,-0.011,-344503,NA
21:24:57.776 tare
21:24:57.849 CMD: tare
21:24:57.849 Taring... remove all weight.
21:24:59.305 Tare complete. Offset = -344376
21:24:59.306 223121,1872,1.509,-0.017,-344398,NA
21:24:59.543 223351,1872,1.509,-0.020,-344372,NA
21:25:00.832 224617,1872,1.509,-0.021,-344397,NA
21:25:01.225 225000,1872,1.509,-0.022,-344420,NA
21:25:02.951 226695,1874,1.510,0.011,-344295,NA
21:25:03.204 227017,1873,1.510,0.007,-344338,NA
21:25:03.993 227821,1873,1.510,0.001,-344395,NA
21:25:04.915 228686,1873,1.510,-0.002,-344393,NA
21:25:05.207 229038,1873,1.510,-0.005,-344382,NA
21:25:06.838 230627,1873,1.509,-0.009,-344505,NA
21:25:07.436 231204,1872,1.509,-0.013,-344478,NA
21:25:07.788 231614,1872,1.509,-0.015,-344497,NA
21:25:08.437 231961,1872,1.509,-0.019,-344507,NA
21:25:08.932 232339,1874,1.510,0.012,-344500,NA
21:25:08.938 232675,1875,1.511,0.040,-344532,NA
21:25:09.337 233159,1875,1.511,0.031,-344571,NA
21:25:09.498 233328,1874,1.511,0.023,-344591,NA
21:25:11.081 234864,1874,1.510,0.016,-344623,NA
21:25:11.279 235094,1874,1.510,0.011,-344685,NA
21:25:11.868 235688,1873,1.510,0.005,-344596,NA
21:25:12.111 235938,1873,1.510,-0.001,-344752,NA
21:25:13.212 236987,1873,1.510,-0.006,-344743,NA
21:25:13.606 237439,1873,1.509,-0.010,-344914,NA
21:25:14.923 238341,1874,1.511,0.018,-360876,NA
21:25:15.244 239059,1874,1.510,0.011,-379886,NA
21:25:15.597 239410,1873,1.510,0.005,-388334,NA
21:25:16.554 240372,1873,1.510,-0.001,-388011,NA
21:25:16.853 240638,1873,1.510,-0.006,-388060,NA
21:25:17.370 241185,1873,1.509,-0.010,-388053,NA
21:25:18.276 242085,1872,1.509,-0.012,-388116,NA
21:25:18.929 242697,1872,1.509,-0.016,-388375,NA
21:25:19.359 243185,1872,1.509,-0.017,-388104,NA
21:25:20.903 244736,1874,1.510,0.011,-388110,NA
21:25:21.930 245760,1873,1.510,0.003,-388176,NA
21:25:22.158 245991,1873,1.510,-0.000,-388186,NA
21:25:22.626 246433,1873,1.510,-0.003,-388184,NA
21:25:23.454 247270,1873,1.510,-0.006,-388153,NA
21:25:23.652 247468,1873,1.509,-0.008,-388216,NA
21:25:24.435 248218,1872,1.509,-0.013,-388171,NA
21:25:24.683 cal=100
21:25:25.237 CMD: cal=100
21:25:25.239 Calibrating with known weight = 100.000 g
21:25:25.239 Make sure the weight is already on the load cell.
21:25:27.270 Raw with weight: -388183
21:25:27.272 Offset: -344376
21:25:27.272 Net raw: -43807
21:25:27.272 Calibration factor: -438.070007
21:25:27.272 Calibration complete.
21:25:27.272 251072,1872,1.509,-0.014,-388183,NA
21:25:27.799 251617,1872,1.509,-0.018,-388182,100.00
21:25:28.585 252422,1872,1.509,-0.019,-388053,99.70
21:25:28.989 252775,1872,1.509,-0.020,-388102,99.82
21:25:29.386 253192,1872,1.509,-0.019,-388096,99.80
21:25:30.923 254256,1874,1.510,0.012,-388217,100.08
21:25:30.925 254446,1875,1.511,0.040,-388267,100.19
21:25:32.174 255998,1875,1.511,0.033,-388129,99.88
21:25:33.913 257736,1874,1.511,0.026,-345325,2.17
21:25:35.433 259217,1874,1.511,0.021,-345433,2.41
21:25:37.410 260897,1875,1.511,0.042,-345380,2.29
21:25:38.036 261851,1875,1.511,0.033,-345257,2.01
21:25:39.561 263380,1874,1.511,0.028,-345207,1.90
21:25:40.168 263995,1874,1.511,0.022,-345195,1.87
21:25:40.533 264353,1874,1.510,0.017,-345206,1.89
21:25:42.123 265894,1874,1.510,0.012,-345154,1.78
21:25:43.894 267386,1875,1.511,0.042,-345266,2.03
21:25:44.950 268767,1875,1.511,0.033,-345497,2.56
21:25:46.257 270040,1874,1.511,0.027,-345308,2.13
21:25:47.409 271236,1874,1.511,0.021,-345325,2.17
21:25:47.903 271735,1874,1.510,0.014,-345420,2.38
21:25:49.333 273040,1873,1.510,0.007,-345527,2.63
21:25:49.440 273266,1873,1.510,0.004,-345419,2.38
21:25:51.113 274890,1873,1.510,0.000,-345511,2.59
21:25:52.371 speed 10
21:25:52.611 CMD: speed 10
21:25:52.611 ERR: Send ON first
21:25:52.613 276445,1873,1.510,-0.003,-344126,-0.57
21:25:52.811 276639,1873,1.510,-0.006,-344272,-0.24
21:25:54.291 278062,1873,1.509,-0.008,-344407,0.07
21:25:55.310 speed 10
21:25:55.809 CMD: speed 10
21:25:55.812 ERR: Send ON first
21:25:55.832 279669,1872,1.509,-0.012,-344579,0.46
21:25:57.508 281298,1872,1.509,-0.014,-344567,0.44
21:25:58.112 281939,1872,1.509,-0.014,-344787,0.94
21:25:58.983 282766,1872,1.509,-0.015,-344853,1.09
21:25:59.112 282933,1872,1.509,-0.017,-344782,0.93
21:25:59.684 283512,1872,1.509,-0.018,-344658,0.64
21:26:00.813 284368,1874,1.510,0.013,-344728,0.80
21:26:00.820 284557,1873,1.510,0.004,-344727,0.80
21:26:01.112 on
21:26:01.198 CMD: on
21:26:01.252 OK Throttle=0% (capped 40%) pulse=1000us
21:26:01.279 Arming: holding MIN throttle...
21:26:03.327 Armed (motor enabled).
21:26:03.327 OK Throttle=0% (capped 40%) pulse=1000us
21:26:03.328 287146,1873,1.510,-0.001,-344664,0.66
21:26:03.834 287657,1873,1.510,-0.004,-344745,0.84
21:26:04.722 288543,1873,1.510,-0.007,-344678,0.69
21:26:06.791 290202,1874,1.511,0.025,-344613,0.54
21:26:07.708 291537,1874,1.511,0.020,-344655,0.64
21:26:08.051 291829,1874,1.510,0.015,-344674,0.68
21:26:08.983 292793,1874,1.510,0.010,-344693,0.72
21:26:09.388 293214,1873,1.510,0.008,-344656,0.64
21:26:09.488 speed 10
21:26:09.833 CMD: speed 10
21:26:09.838 OK Throttle=10% (capped 40%) pulse=1100us
21:26:09.865 293700,1873,1.510,0.004,-344671,0.67
21:26:10.256 294068,1874,1.511,0.019,-341485,-6.60
21:26:10.730 294558,1875,1.511,0.032,-340555,-8.72
21:26:12.375 296165,1875,1.511,0.040,-340870,-8.00
21:26:13.026 296800,1875,1.512,0.049,-340885,-7.97
21:26:13.168 297002,1876,1.512,0.057,-341015,-7.67
21:26:14.774 298565,1878,1.514,0.099,-341037,-7.62
21:26:15.100 298923,1878,1.514,0.104,-340926,-7.88
21:26:15.905 299728,1879,1.514,0.111,-340972,-7.77
21:26:16.742 300560,1879,1.514,0.117,-341149,-7.37
21:26:17.740 301526,1879,1.515,0.122,-341188,-7.28
21:26:18.285 302114,1879,1.515,0.121,-341188,-7.28
21:26:18.656 302475,1879,1.515,0.122,-341164,-7.33
21:26:19.397 303165,1879,1.515,0.125,-341225,-7.19
21:26:20.258 303902,1881,1.516,0.164,-341340,-6.93
21:26:20.391 304224,1881,1.516,0.162,-341233,-7.17
21:26:22.136 305905,1881,1.516,0.157,-341397,-6.80
21:26:23.414 307196,1881,1.516,0.155,-341399,-6.80
21:26:23.563 307392,1881,1.516,0.154,-341337,-6.94
21:26:24.448 308263,1881,1.516,0.156,-341323,-6.97
21:26:24.765 308593,1881,1.516,0.159,-341334,-6.94
21:26:24.968 308792,1881,1.516,0.157,-341361,-6.88
21:26:26.786 310277,1882,1.517,0.188,-341401,-6.79
21:26:27.122 310933,1882,1.517,0.182,-341298,-7.03
21:26:27.736 311557,1882,1.517,0.181,-341414,-6.76
21:26:28.401 312189,1882,1.517,0.178,-341297,-7.03
21:26:29.361 313170,1882,1.517,0.174,-341349,-6.91
21:26:29.535 313366,1881,1.517,0.169,-341346,-6.92
21:26:30.008 313824,1881,1.516,0.151,-341384,-6.83
21:26:31.143 314908,1880,1.515,0.133,-344842,1.06
21:26:31.611 315422,1879,1.514,0.117,-344783,0.93
21:26:32.229 315808,1880,1.515,0.136,-344899,1.19
21:26:33.182 316946,1879,1.515,0.122,-346041,3.80
21:26:34.739 318518,1878,1.514,0.104,-344546,0.39
21:26:36.262 320050,1877,1.513,0.089,-344679,0.69
21:26:37.717 321179,1877,1.513,0.087,-344725,0.80
21:26:37.724 321548,1878,1.514,0.105,-344727,0.80
21:26:39.299 323131,1878,1.513,0.092,-344638,0.60
21:26:39.721 323494,1877,1.513,0.078,-344571,0.45
21:26:40.015 323848,1876,1.512,0.065,-344624,0.57
21:26:40.878 324696,1876,1.512,0.055,-344599,0.51
21:26:41.090 324921,1875,1.512,0.047,-344620,0.56
21:26:42.656 326423,1875,1.511,0.037,-344660,0.65
21:26:43.696 327220,1876,1.512,0.060,-344668,0.67
21:26:44.261 328039,1875,1.512,0.049,-344607,0.53
21:26:45.010 328839,1875,1.511,0.039,-344568,0.44
21:26:45.372 329189,1875,1.511,0.030,-344698,0.74
21:26:46.039 329824,1874,1.511,0.024,-344737,0.82
21:26:47.650 331434,1874,1.510,0.017,-344952,1.31
21:26:49.186 332957,1875,1.512,0.044,-344993,1.41
21:26:50.278 334045,1875,1.511,0.037,-345059,1.56
21:26:50.455 speed 20
21:26:50.676 CMD: speed 20
21:26:50.678 OK Throttle=20% (capped 40%) pulse=1200us
21:26:50.723 334547,1874,1.511,0.026,-345099,1.65
21:26:51.961 335777,1877,1.513,0.073,-330339,-32.04
21:26:52.132 335944,1879,1.515,0.125,-330335,-32.05
21:26:52.987 336773,1881,1.516,0.160,-330329,-32.07
21:26:54.577 338350,1882,1.517,0.187,-330690,-31.24
21:26:55.211 338987,1883,1.518,0.206,-330619,-31.40
21:26:56.711 340169,1886,1.520,0.265,-330696,-31.23
21:26:56.718 340425,1889,1.522,0.316,-330855,-30.86
21:26:56.828 340647,1889,1.523,0.327,-330901,-30.76
21:26:57.461 341289,1890,1.523,0.342,-330737,-31.13
21:26:58.461 342274,1891,1.524,0.355,-330992,-30.55
21:26:58.850 342628,1891,1.524,0.363,-331228,-30.01
21:26:59.563 343370,1891,1.525,0.370,-331259,-29.94
21:26:59.690 343506,1892,1.525,0.378,-331158,-30.17
21:27:00.298 344114,1893,1.526,0.396,-331205,-30.07
21:27:01.001 344779,1893,1.526,0.406,-331137,-30.22
21:27:01.756 345545,1894,1.526,0.414,-330963,-30.62
21:27:03.193 346504,1895,1.527,0.440,-331092,-30.32
21:27:03.290 347126,1895,1.527,0.440,-331110,-30.28
21:27:04.569 348341,1895,1.527,0.437,-330992,-30.55
21:27:04.800 348636,1895,1.528,0.445,-331616,-29.13
21:27:04.998 348832,1895,1.528,0.451,-331471,-29.46
21:27:06.208 349979,1896,1.528,0.458,-331474,-29.45
21:27:06.488 350306,1896,1.528,0.453,-331623,-29.11
21:27:07.163 350981,1896,1.528,0.457,-331688,-28.96
21:27:08.012 351801,1896,1.528,0.465,-331480,-29.44
21:27:09.677 353324,1898,1.530,0.494,-331266,-29.93
21:27:10.394 354175,1897,1.529,0.486,-331540,-29.30
21:27:11.524 355309,1897,1.529,0.480,-331558,-29.26
21:27:12.258 356069,1894,1.527,0.425,-346496,4.84
21:27:14.000 357779,1892,1.525,0.378,-344685,0.71
21:27:15.616 359231,1891,1.524,0.363,-345587,2.76
21:27:15.913 359739,1889,1.523,0.320,-345523,2.62
21:27:16.742 360576,1887,1.521,0.283,-345486,2.53
21:27:17.323 361090,1885,1.520,0.249,-345555,2.69
21:27:18.071 361897,1884,1.518,0.217,-345556,2.69
21:27:18.875 362650,1882,1.517,0.191,-345570,2.73
21:27:19.064 362878,1881,1.516,0.166,-345656,2.92
21:27:20.135 363970,1880,1.515,0.143,-345542,2.66
21:27:21.601 365134,1880,1.515,0.131,-344855,1.09
21:27:22.106 365577,1880,1.516,0.143,-345397,2.33
21:27:23.447 367215,1879,1.515,0.122,-345371,2.27
21:27:24.957 368724,1878,1.514,0.103,-345472,2.50
21:27:25.878 369651,1877,1.513,0.085,-345435,2.42
21:27:26.044 369877,1876,1.513,0.070,-345513,2.60
21:27:26.485 370295,1876,1.512,0.056,-345458,2.47
21:27:26.884 speed 30
21:27:27.826 CMD: speed 30
21:27:27.856 OK Throttle=30% (capped 40%) pulse=1300us
21:27:27.907 371727,1875,1.511,0.041,-345495,2.55
21:27:28.298 372115,1879,1.515,0.123,-317169,-62.11
21:27:28.494 372311,1884,1.519,0.218,-310160,-78.11
21:27:30.188 373972,1889,1.522,0.314,-308932,-80.91
21:27:31.334 375166,1892,1.525,0.384,-309341,-79.98
21:27:32.578 376144,1898,1.530,0.494,-309062,-80.61
21:27:32.956 376778,1900,1.532,0.552,-308856,-81.08
21:27:33.951 377773,1903,1.534,0.599,-309359,-79.93
21:27:35.735 379509,1905,1.536,0.647,-309410,-79.82
21:27:36.536 380311,1907,1.537,0.682,-309531,-79.54
21:27:37.442 381268,1909,1.539,0.723,-309311,-80.04
21:27:37.631 381434,1911,1.541,0.773,-309641,-79.29
21:27:38.565 382180,1914,1.543,0.821,-309975,-78.53
21:27:39.136 382914,1914,1.543,0.833,-309481,-79.66
21:27:40.511 384332,1916,1.545,0.872,-309667,-79.23
21:27:41.345 385132,1917,1.546,0.896,-310141,-78.15
21:27:42.057 385829,1919,1.547,0.930,-309759,-79.02
21:27:42.618 386430,1920,1.548,0.949,-309267,-80.14
21:27:44.547 388099,1923,1.550,0.998,-309012,-80.73
21:27:45.779 389544,1923,1.550,1.006,-309185,-80.33
21:27:46.689 390504,1923,1.550,0.999,-308866,-81.06
21:27:47.209 390989,1922,1.550,0.995,-308967,-80.83
21:27:48.753 392541,1921,1.548,0.957,-309221,-80.25
21:27:49.393 393217,1915,1.544,0.850,-346021,3.76
21:27:50.532 393690,1912,1.541,0.784,-347298,6.67
21:27:50.996 394779,1908,1.538,0.697,-347489,7.11
21:27:51.749 395578,1904,1.535,0.618,-345413,2.37
21:27:53.221 397001,1900,1.532,0.547,-345454,2.46
21:27:53.335 397170,1897,1.529,0.483,-345535,2.65
21:27:54.040 397852,1894,1.527,0.426,-345590,2.77
21:27:55.002 398776,1892,1.525,0.374,-345550,2.68
21:27:55.414 399222,1889,1.523,0.328,-345589,2.77
21:27:56.020 399636,1889,1.522,0.314,-345616,2.83
21:27:56.026 399858,1888,1.522,0.302,-345651,2.91
21:27:56.594 400411,1886,1.520,0.262,-345629,2.86
21:27:57.267 401081,1884,1.519,0.227,-345558,2.70
21:27:58.916 402748,1883,1.518,0.195,-345661,2.93
21:28:00.566 404355,1881,1.516,0.165,-345615,2.83
21:28:01.505 404931,1880,1.515,0.137,-345662,2.94
21:28:01.510 405123,1880,1.515,0.143,-345619,2.84
21:28:02.959 406791,1879,1.515,0.121,-345718,3.06
21:28:04.333 408114,1878,1.514,0.100,-345679,2.97
21:28:04.990 408764,1877,1.513,0.081,-345696,3.01
21:28:06.518 410344,1876,1.512,0.066,-345735,3.10
21:28:08.032 411657,1877,1.513,0.080,-345625,2.85
21:28:08.429 412267,1876,1.512,0.063,-345655,2.92
21:28:09.539 413328,1875,1.512,0.048,-345669,2.95
21:28:10.166 413975,1875,1.511,0.034,-345687,2.99
21:28:11.739 415527,1874,1.511,0.021,-345644,2.89
21:28:13.475 417168,1875,1.511,0.038,-345705,3.03
21:28:15.121 418887,1874,1.511,0.027,-345589,2.77
21:28:15.498 419271,1874,1.510,0.018,-345731,3.09
21:28:15.841 419627,1873,1.510,0.007,-345740,3.11
21:28:16.499 420323,1873,1.510,-0.001,-345776,3.20
21:28:16.731 420552,1873,1.509,-0.010,-345721,3.07
21:28:17.755 421571,1872,1.509,-0.016,-345665,2.94
21:28:18.213 422029,1872,1.509,-0.022,-345757,3.15
21:28:18.963 422690,1872,1.509,-0.012,-345808,3.27
21:28:19.375 423194,1872,1.509,-0.018,-348717,9.91
21:28:20.079 423898,1872,1.509,-0.025,-346855,5.66
21:28:21.632 425447,1872,1.509,-0.030,-346917,5.80
21:28:22.755 426525,1871,1.508,-0.034,-346783,5.49
21:28:23.058 426884,1871,1.508,-0.038,-346839,5.62
21:28:23.246 427077,1871,1.508,-0.043,-346867,5.69
21:28:24.946 428748,1872,1.509,-0.018,-346878,5.71
21:28:25.276 429103,1872,1.509,-0.023,-346820,5.58
21:28:26.530 speed 40
21:28:26.966 CMD: speed 40
21:28:26.973 OK Throttle=40% (capped 40%) pulse=1400us
21:28:27.008 430847,1872,1.509,-0.030,-346850,5.65
21:28:28.674 432460,1881,1.516,0.166,-277362,-152.98
21:28:30.370 434147,1892,1.525,0.374,-277644,-152.33
21:28:32.430 435825,1900,1.532,0.543,-277417,-152.85
21:28:32.677 436511,1908,1.538,0.697,-277902,-151.74
21:28:33.667 437409,1914,1.543,0.826,-276937,-153.95
21:28:33.987 437768,1918,1.546,0.915,-277752,-152.09
21:28:34.638 438471,1922,1.549,0.986,-278148,-151.18
21:28:35.473 439244,1927,1.553,1.088,-278313,-150.80
21:28:36.998 440790,1931,1.557,1.173,-278477,-150.43
21:28:38.955 442379,1936,1.561,1.279,-278400,-150.61
21:28:39.273 443060,1939,1.563,1.339,-278192,-151.08
21:28:40.077 443857,1942,1.565,1.390,-279368,-148.40
21:28:41.797 445586,1946,1.568,1.465,-278977,-149.29
21:28:43.304 447093,1948,1.570,1.505,-278823,-149.64
21:28:44.900 448609,1952,1.574,1.593,-278537,-150.29
21:28:46.385 450167,1956,1.576,1.662,-279702,-147.63
21:28:47.312 451089,1957,1.577,1.691,-278393,-150.62
21:28:47.686 451501,1948,1.570,1.514,-339945,-10.11
21:28:49.308 453126,1940,1.564,1.356,-346361,4.53
21:28:50.883 454609,1935,1.559,1.241,-346343,4.49
21:28:51.802 455589,1928,1.554,1.108,-345212,1.91
21:28:52.458 456235,1922,1.549,0.990,-345631,2.86
21:28:52.905 456723,1917,1.545,0.882,-345652,2.91
21:28:53.091 456925,1912,1.541,0.787,-345752,3.14
21:28:53.691 457485,1908,1.538,0.699,-345820,3.30
21:28:54.341 458174,1904,1.535,0.622,-345806,3.26
21:28:55.432 459210,1900,1.532,0.553,-345816,3.29
21:28:55.817 459599,1897,1.529,0.488,-345776,3.20
21:28:56.369 460135,1896,1.528,0.461,-345882,3.44
21:28:56.793 460602,1893,1.526,0.410,-345842,3.35
21:28:58.421 462205,1891,1.524,0.360,-345833,3.33
21:28:59.192 463014,1889,1.522,0.315,-345879,3.43
21:29:00.843 464662,1887,1.521,0.274,-345844,3.35
21:29:02.894 466251,1886,1.520,0.268,-345878,3.43
21:29:02.901 466720,1885,1.519,0.232,-345872,3.41
21:29:04.602 468420,1883,1.518,0.200,-345893,3.46
21:29:06.274 470108,1882,1.517,0.173,-345844,3.35
21:29:08.337 471793,1880,1.516,0.146,-345851,3.37
21:29:08.343 472128,1879,1.515,0.122,-345896,3.47
21:29:09.725 473511,1878,1.514,0.101,-345851,3.37
21:29:09.935 473740,1877,1.513,0.082,-345899,3.48
21:29:11.636 475426,1876,1.512,0.067,-345778,3.20
21:29:13.285 477061,1876,1.512,0.053,-345888,3.45
21:29:13.823 477648,1876,1.513,0.069,-345812,3.28
21:29:14.417 478247,1876,1.512,0.053,-345874,3.42
21:29:15.518 479326,1875,1.511,0.038,-345852,3.37
21:29:16.116 479944,1874,1.511,0.030,-345842,3.35
21:29:16.875 480669,1874,1.511,0.019,-345846,3.36
21:29:17.189 481026,1874,1.510,0.012,-345807,3.27
21:29:18.063 481890,1873,1.510,0.004,-345879,3.43
21:29:18.666 482434,1873,1.510,-0.003,-345824,3.31
21:29:20.352 484092,1874,1.511,0.018,-345866,3.40
21:29:21.160 484997,1873,1.510,0.009,-345888,3.45
21:29:21.755 485544,1873,1.510,0.003,-345850,3.36
21:29:23.218 487035,1873,1.510,-0.004,-345895,3.47
21:29:24.893 488709,1872,1.509,-0.011,-345966,3.63
21:29:26.834 490180,1874,1.510,0.015,-345887,3.45
21:29:28.080 491844,1873,1.510,0.007,-345864,3.40
21:29:29.685 493452,1873,1.510,-0.001,-345911,3.50
21:29:30.357 494185,1873,1.509,-0.010,-345810,3.27
21:29:31.020 494805,1872,1.509,-0.016,-345778,3.20
21:29:32.777 496384,1873,1.510,0.007,-345799,3.25
21:29:33.553 497331,1873,1.510,-0.003,-345843,3.35
21:29:34.037 497849,1873,1.509,-0.010,-345793,3.23
21:29:34.557 498389,1872,1.509,-0.018,-345779,3.20
21:29:36.244 500016,1872,1.509,-0.023,-345816,3.29
21:29:37.234 501007,1872,1.509,-0.030,-345886,3.45
21:29:37.377 501206,1871,1.508,-0.034,-345850,3.36
21:29:37.836 501651,1871,1.508,-0.038,-345814,3.28