18:01:44.812 96899,1881,1.516,0.882,-350209,3.09
18:01:45.004 97093,1881,1.516,0.879,-350153,2.96
18:01:45.314 97383,1881,1.516,0.879,-350129,2.91
18:01:45.503 97576,1881,1.516,0.879,-350181,3.02
18:01:45.680 97766,1880,1.516,0.877,-350148,2.95
18:01:45.902 97991,1880,1.516,0.875,-350075,2.79
18:01:46.129 98219,1880,1.516,0.874,-350059,2.75
18:01:46.331 98413,1880,1.515,0.870,-350083,2.80
18:01:46.577 98661,1880,1.515,0.867,-350112,2.87
18:01:46.708 98787,1880,1.515,0.859,-350136,NA
18:01:46.836 98926,1879,1.515,0.854,-350069,2.77
18:01:47.068 99147,1879,1.515,0.852,-350084,2.81
18:01:47.306 99377,1879,1.515,0.851,-350125,2.90
18:01:47.521 99594,1879,1.515,0.850,-350117,2.88
18:01:47.670 99746,1879,1.515,0.847,-350145,2.94
18:01:47.886 99973,1879,1.515,0.848,-350099,2.84
18:01:48.157 100231,1879,1.515,0.847,-350156,2.97
18:01:48.360 100451,1879,1.515,0.846,-350113,2.87
18:01:48.514 100586,1879,1.514,0.842,-350058,2.75
18:01:49.561 100807,1878,1.514,0.838,-350126,2.90
18:01:49.563 101022,1879,1.515,0.852,-350107,2.86
18:01:49.565 101210,1880,1.515,0.867,-350102,2.85
18:01:49.568 101346,1881,1.516,0.895,-350130,2.91
18:01:49.569 101564,1881,1.516,0.894,-350163,2.98
18:01:49.709 101788,1881,1.516,0.886,-350115,2.88
18:01:49.912 101984,1881,1.516,0.882,-350118,2.88
18:01:50.085 102168,1881,1.516,0.879,-350097,2.84
18:01:50.218 102287,1880,1.515,0.870,-350099,NA
18:01:50.450 102514,1880,1.515,0.867,-350121,2.89
18:01:50.665 102742,1880,1.515,0.864,-350094,2.83
18:01:50.854 102934,1880,1.515,0.864,-350168,2.99
18:01:51.044 103130,1880,1.515,0.865,-350114,2.87
18:01:51.295 103359,1880,1.515,0.865,-350160,2.98
18:01:51.500 103587,1880,1.515,0.862,-350164,2.99
18:01:51.763 103845,1880,1.515,0.862,-350148,2.95
18:01:51.953 104042,1880,1.515,0.863,-350120,2.89
18:01:52.238 104328,1880,1.515,0.863,-350103,2.85
18:01:52.445 104524,1880,1.515,0.863,-350130,2.91
18:01:52.640 104720,1880,1.515,0.860,-350131,2.91
18:01:52.901 104980,1879,1.515,0.858,-350162,2.98
18:01:53.131 105206,1879,1.515,0.856,-350136,2.92
18:01:53.317 105399,1879,1.515,0.854,-350079,2.80
18:01:53.553 105622,1879,1.515,0.853,-350114,2.87
18:01:53.644 105726,1879,1.515,0.850,-350097,2.84
18:01:53.894 105966,1879,1.515,0.849,-350097,NA
18:01:54.089 106161,1879,1.515,0.848,-350094,2.83
18:01:54.241 106316,1879,1.514,0.845,-350146,2.95
18:01:54.390 106466,1879,1.514,0.840,-350161,2.98
18:01:54.488 106566,1878,1.514,0.836,-350124,2.90
18:01:55.047 106819,1879,1.515,0.850,-350096,2.83
18:01:55.061 107067,1880,1.515,0.861,-350094,2.83
18:01:55.216 107287,1879,1.515,0.855,-350115,2.88
18:01:55.469 107542,1879,1.515,0.851,-350099,2.84
18:01:55.716 107800,1879,1.514,0.846,-350144,2.94
18:01:55.943 108028,1879,1.514,0.843,-350085,2.81
18:01:56.171 108253,1879,1.514,0.841,-350136,2.92
18:01:56.388 108477,1879,1.514,0.843,-350090,2.82
18:01:56.620 108701,1879,1.514,0.842,-350075,2.79
18:01:56.841 108924,1879,1.514,0.842,-350127,2.90
18:01:57.082 109151,1879,1.514,0.844,-350141,2.93
18:01:57.293 109373,1879,1.514,0.843,-350153,2.96
18:01:57.514 109598,1879,1.514,0.843,-350099,2.84
18:01:57.771 109856,1879,1.514,0.842,-350136,2.92
18:01:58.024 110112,1879,1.514,0.842,-350114,2.87
18:01:58.225 110309,1879,1.514,0.840,-350152,2.96
18:01:58.464 110536,1879,1.514,0.840,-350138,2.93
18:01:58.673 110761,1879,1.514,0.839,-350070,2.78
18:01:58.902 110991,1879,1.514,0.839,-350108,2.86
18:01:59.159 111217,1879,1.514,0.839,-350180,3.02
18:01:59.333 111415,1879,1.514,0.841,-350108,2.86
18:01:59.572 111644,1879,1.514,0.843,-350102,2.85
18:01:59.782 111871,1879,1.514,0.845,-350156,2.97
18:02:00.033 112100,1879,1.515,0.846,-350154,2.96
18:02:01.033 112294,1880,1.515,0.859,-350155,2.97
18:02:01.033 112513,1880,1.516,0.871,-350055,2.74
18:02:01.036 112697,1881,1.516,0.882,-350101,2.84
18:02:01.036 112941,1881,1.516,0.892,-350138,2.93
18:02:01.069 113159,1881,1.516,0.885,-350046,2.72
18:02:01.325 113419,1880,1.516,0.876,-350191,3.05
18:02:01.605 113681,1880,1.515,0.866,-350157,2.97
18:02:01.831 113910,1879,1.515,0.856,-350188,3.04
18:02:02.034 114111,1879,1.515,0.848,-350171,3.00
18:02:02.284 114371,1879,1.514,0.841,-350141,2.93
18:02:02.560 114633,1878,1.514,0.835,-350153,2.96
18:02:02.810 114895,1878,1.514,0.829,-350148,2.95
18:02:03.038 115122,1878,1.514,0.824,-350141,2.93
18:02:03.297 115388,1878,1.513,0.819,-350169,3.00
18:02:03.552 115616,1877,1.513,0.815,-350107,2.86
18:02:03.789 115875,1877,1.513,0.812,-350195,3.05
18:02:03.989 116071,1877,1.513,0.808,-350047,2.72
18:02:04.197 116269,1877,1.513,0.807,-350123,2.89
18:02:04.415 116494,1877,1.513,0.804,-350139,2.93
18:02:04.642 116722,1877,1.513,0.804,-350145,2.94
18:02:04.835 116918,1877,1.513,0.801,-350105,2.85
18:02:05.088 117175,1877,1.513,0.801,-350100,2.84
18:02:05.313 117400,1877,1.513,0.799,-350081,2.80
18:02:05.577 117662,1877,1.513,0.799,-350085,2.81
18:02:05.847 117921,1876,1.512,0.795,-350111,2.87
18:02:06.033 118119,1876,1.512,0.793,-350218,3.11
18:02:06.514 118367,1877,1.513,0.806,-350098,2.84
18:02:06.523 118589,1877,1.513,0.817,-350073,2.78
18:02:06.752 118843,1877,1.513,0.813,-350185,3.03
18:02:07.013 119100,1877,1.513,0.812,-350068,2.77
18:02:07.243 119329,1877,1.513,0.808,-350086,2.81
18:02:07.453 119528,1877,1.513,0.807,-350103,2.85
18:02:07.711 119785,1877,1.513,0.811,-350093,2.83
18:02:07.947 120016,1877,1.513,0.815,-350083,2.80
18:02:08.135 120218,1878,1.513,0.820,-350126,2.90
18:02:08.371 120445,1878,1.514,0.822,-350193,3.05
18:02:08.648 120710,1878,1.514,0.825,-350162,2.98
18:02:08.872 120944,1878,1.514,0.829,-350155,2.97
18:02:09.063 121140,1878,1.514,0.824,-350205,3.08
18:02:09.305 121372,1877,1.513,0.815,-350043,2.72
18:02:09.521 121604,1877,1.513,0.818,-350120,2.89
18:02:09.901 121990,1878,1.513,0.820,-350121,2.89
18:02:10.119 122191,1878,1.514,0.822,-350131,2.91
18:02:10.340 122417,1878,1.514,0.821,-350121,2.89
18:02:10.525 122615,1878,1.513,0.821,-350099,2.84
18:02:10.793 122866,1878,1.514,0.823,-350127,2.90
18:02:11.037 123123,1878,1.514,0.822,-350141,2.93
18:02:11.295 123382,1878,1.514,0.824,-350077,2.79
18:02:11.525 123610,1878,1.514,0.826,-350125,2.90
18:02:12.496 123827,1879,1.514,0.841,-350043,2.72
18:02:12.499 124021,1879,1.515,0.855,-350124,2.90
18:02:12.505 124237,1880,1.515,0.867,-350082,2.80
18:02:12.535 124426,1880,1.516,0.879,-349944,2.49
18:02:12.601 124676,1880,1.516,0.873,-349911,2.42
18:02:13.014 125085,1880,1.515,0.869,-349553,1.62
18:02:13.241 125312,1880,1.515,0.866,-350082,2.80
18:02:13.454 125536,1880,1.515,0.863,-349826,2.23
18:02:13.710 125791,1880,1.515,0.861,-349393,1.26
18:02:13.902 125992,1879,1.515,0.859,-350110,2.86
18:02:14.130 126217,1879,1.515,0.857,-350136,2.92
18:02:14.401 126475,1879,1.515,0.857,-350120,2.89
18:02:14.838 126918,1879,1.515,0.857,-350119,2.88
18:02:15.260 127325,1879,1.515,0.857,-350174,3.01
18:02:15.500 127582,1880,1.515,0.860,-350164,2.99
18:02:15.759 127839,1880,1.515,0.861,-350142,2.94
18:02:16.010 128093,1880,1.515,0.865,-350121,2.89
18:02:16.246 128317,1880,1.515,0.867,-350104,2.85
18:02:16.497 128571,1880,1.515,0.868,-350086,2.81
18:02:16.678 128764,1880,1.515,0.867,-350136,2.92
18:02:16.878 128958,1880,1.515,0.866,-350095,2.83
18:02:17.104 129182,1880,1.515,0.867,-350151,2.96
18:02:17.352 129438,1880,1.515,0.869,-350123,2.89
18:02:18.481 129691,1881,1.516,0.882,-350158,2.97
18:02:18.486 129938,1881,1.516,0.896,-350196,3.06
18:02:18.486 130247,1882,1.517,0.906,-350120,2.89
18:02:18.502 130434,1882,1.517,0.917,-350068,2.77
18:02:18.584 130658,1882,1.517,0.912,-350188,3.04
18:02:18.809 130882,1882,1.517,0.908,-350123,2.89
18:02:19.062 131142,1882,1.517,0.903,-350105,2.85
18:02:19.301 131368,1882,1.517,0.901,-350144,2.94
18:02:19.475 131563,1881,1.517,0.899,-350114,2.87
18:02:19.712 131790,1881,1.517,0.897,-350061,2.76
18:02:19.978 132047,1881,1.516,0.895,-350153,2.96
18:02:20.221 132300,1881,1.516,0.895,-350059,2.75
18:02:20.435 132525,1881,1.516,0.894,-350107,2.86
18:02:20.635 132721,1881,1.516,0.894,-350101,2.84
18:02:20.928 133007,1881,1.516,0.895,-350134,2.92
18:02:21.098 133173,1881,1.516,0.895,-350108,2.86
18:02:21.314 133400,1881,1.517,0.898,-350182,3.03
18:02:21.511 133591,1881,1.517,0.898,-350135,2.92
18:02:21.750 133817,1881,1.517,0.898,-350141,2.93
18:02:21.964 134047,1881,1.517,0.898,-350187,3.04
18:02:22.166 134244,1881,1.517,0.898,-350158,2.97
18:02:22.423 134503,1882,1.517,0.902,-350173,3.01
18:02:22.676 134758,1882,1.517,0.904,-350110,2.86
18:02:22.881 134950,1882,1.517,0.906,-350076,2.79
18:02:23.148 135238,1882,1.517,0.907,-350128,2.90
18:02:23.355 135430,1882,1.517,0.906,-350225,3.12
18:02:23.971 135682,1883,1.518,0.922,-350172,3.00
18:02:23.981 136046,1883,1.518,0.936,-350153,2.96
18:02:24.133 136205,1883,1.518,0.934,-350120,2.89
18:02:24.399 136459,1883,1.518,0.932,-350146,2.95
18:02:24.601 136686,1883,1.518,0.933,-350127,2.90
18:02:24.840 136914,1883,1.518,0.932,-350183,3.03
18:02:25.026 137108,1883,1.518,0.933,-350109,2.86
18:02:25.298 137366,1883,1.518,0.931,-350142,2.94
18:02:25.504 137591,1883,1.518,0.930,-350184,3.03
18:02:25.735 137818,1883,1.518,0.929,-350197,3.06
18:02:25.950 138020,1883,1.518,0.928,-350184,3.03
18:02:26.202 138279,1883,1.518,0.927,-350225,3.12
18:02:26.435 138504,1883,1.518,0.928,-350071,2.78
18:02:26.624 138697,1883,1.518,0.930,-350210,3.09
18:02:26.850 138918,1883,1.518,0.931,-350152,2.96
18:02:27.077 139143,1883,1.518,0.931,-350124,2.90
18:02:27.242 139332,1883,1.518,0.932,-350194,3.05
18:02:27.504 139587,1883,1.518,0.931,-350145,2.94
18:02:27.709 139778,1883,1.518,0.932,-350130,2.91
18:02:27.921 140003,1883,1.518,0.931,-350159,2.97
18:02:28.239 140291,1883,1.518,0.933,-350064,2.76
18:02:28.392 140458,1883,1.518,0.932,-350104,2.85
18:02:28.581 140652,1883,1.518,0.933,-350153,2.96
18:02:28.842 140911,1883,1.518,0.931,-350209,3.09
18:02:29.960 141137,1884,1.518,0.942,-350162,2.98
18:02:29.961 141327,1884,1.519,0.952,-350222,3.11
18:02:29.963 141543,1885,1.519,0.963,-350197,3.06
18:02:29.987 141731,1885,1.519,0.971,-350163,2.98
18:02:29.987 141922,1885,1.519,0.962,-350188,3.04
18:02:30.103 142173,1884,1.519,0.959,-350101,2.84
18:02:30.315 142400,1884,1.519,0.957,-350183,3.03
18:02:30.577 142655,1884,1.519,0.956,-350124,2.90
18:02:30.798 142882,1884,1.519,0.954,-350199,3.06
18:02:31.015 143106,1884,1.519,0.953,-350176,3.01
18:02:31.247 143331,1884,1.519,0.951,-350144,2.94
18:02:31.484 143558,1884,1.519,0.950,-350132,2.91
18:02:31.673 143747,1884,1.519,0.949,-350159,2.97
18:02:31.880 143970,1884,1.519,0.946,-350115,2.88
18:02:32.088 144168,1884,1.518,0.945,-350153,2.96
18:02:32.290 144357,1884,1.519,0.947,-350143,2.94
18:02:32.462 144549,1884,1.519,0.946,-350066,2.77
18:02:32.773 144840,1884,1.519,0.947,-350150,2.95
18:02:32.941 145033,1884,1.519,0.947,-350131,2.91
18:02:33.213 145292,1884,1.519,0.948,-350082,2.80
18:02:33.501 145583,1884,1.519,0.947,-350086,2.81
18:02:33.754 145842,1884,1.519,0.946,-350099,2.84
18:02:33.990 146068,1884,1.518,0.946,-350196,3.06
18:02:34.237 146323,1884,1.518,0.945,-350168,2.99
18:02:34.465 146544,1884,1.518,0.943,-350123,2.89
18:02:34.689 146764,1884,1.518,0.942,-350116,2.88
18:02:34.876 146957,1884,1.518,0.942,-350239,3.15
18:02:35.437 147116,1884,1.518,0.942,-350193,3.05
18:02:35.443 147333,1884,1.519,0.954,-350131,2.91
18:02:35.481 147551,1884,1.519,0.954,-350119,2.88
18:02:35.705 147775,1884,1.519,0.951,-350126,2.90
18:02:35.917 148003,1884,1.519,0.950,-350121,2.89
18:02:36.124 148193,1884,1.519,0.951,-350098,2.84
18:02:36.360 148449,1884,1.519,0.952,-350152,2.96
18:02:36.603 148673,1884,1.519,0.950,-350144,2.94
18:02:36.848 148932,1884,1.519,0.949,-350156,2.97
18:02:37.080 149158,1884,1.519,0.948,-350186,3.03
18:02:37.304 149382,1884,1.518,0.943,-350137,2.93
18:02:37.455 149543,1884,1.518,0.941,-350144,2.94
18:02:37.705 149771,1883,1.518,0.939,-350217,3.10
18:02:37.930 149995,1883,1.518,0.937,-350104,2.85
18:02:38.115 150186,1883,1.518,0.937,-350137,2.93
18:02:38.334 150409,1883,1.518,0.935,-350173,3.01
18:02:38.560 150630,1883,1.518,0.934,-350084,2.81
18:02:38.742 150828,1883,1.518,0.930,-350084,2.81
18:02:38.942 151027,1883,1.518,0.931,-350165,2.99
18:02:39.216 151287,1883,1.518,0.932,-350119,2.88
18:02:39.436 151512,1883,1.518,0.933,-350138,2.93
18:02:39.669 151742,1883,1.518,0.934,-350132,2.91
18:02:39.871 151937,1883,1.518,0.934,-350081,2.80
18:02:40.090 152166,1883,1.518,0.937,-350199,3.06
18:02:40.314 152394,1883,1.518,0.937,-350124,2.90
18:02:40.925 152590,1884,1.519,0.955,-350108,2.86
18:02:40.935 152834,1885,1.519,0.966,-350164,2.99
18:02:40.968 153049,1884,1.519,0.959,-350190,3.04
18:02:41.220 153307,1884,1.519,0.957,-350106,2.86
18:02:41.439 153509,1884,1.519,0.955,-350109,2.86
18:02:41.655 153733,1884,1.519,0.954,-350022,2.67
18:02:41.946 154025,1884,1.519,0.952,-350132,2.91
18:02:42.172 154249,1884,1.519,0.949,-350108,2.86
18:02:42.420 154506,1884,1.519,0.946,-350113,2.87
18:02:42.697 154768,1884,1.518,0.946,-350114,2.87
18:02:42.932 154995,1884,1.518,0.945,-350052,2.74
18:02:43.141 155223,1884,1.518,0.944,-350060,2.75
18:02:43.371 155446,1884,1.518,0.944,-350151,2.96
18:02:43.567 155642,1883,1.518,0.939,-350132,2.91
18:02:43.823 155899,1883,1.518,0.937,-350125,2.90
18:02:44.046 156129,1883,1.518,0.938,-350086,2.81
18:02:44.328 156418,1883,1.518,0.936,-350044,2.72
18:02:44.581 156646,1883,1.518,0.934,-350165,2.99
18:02:44.795 156875,1883,1.518,0.935,-350107,2.86
18:02:45.011 157098,1883,1.518,0.933,-350131,2.91
18:02:45.242 157322,1883,1.518,0.934,-350163,2.98
18:02:45.501 157576,1883,1.518,0.934,-350092,2.82
18:02:45.749 157834,1883,1.518,0.935,-350128,2.90
18:02:46.409 158056,1883,1.518,0.933,-350063,2.76
18:02:46.424 158248,1884,1.519,0.946,-350090,2.82
18:02:46.440 158435,1884,1.519,0.955,-350121,2.89
18:02:46.623 158694,1884,1.519,0.952,-350033,2.69
18:02:46.912 158981,1884,1.519,0.949,-350052,2.74
18:02:47.086 159177,1884,1.519,0.948,-350124,2.90
18:02:47.364 159433,1884,1.519,0.949,-350039,2.71
18:02:47.589 159661,1884,1.519,0.948,-350104,2.85
18:02:47.841 159923,1884,1.519,0.949,-350099,2.84
18:02:48.086 160151,1884,1.519,0.948,-350169,3.00
18:02:48.321 160384,1884,1.519,0.947,-350082,2.80
18:02:48.523 160613,1884,1.519,0.947,-350115,2.88
18:02:48.766 160842,1884,1.519,0.948,-350084,2.81
18:02:48.950 161038,1884,1.519,0.949,-350121,2.89
18:02:49.182 161268,1884,1.519,0.948,-350096,2.83
18:02:49.417 161495,1884,1.519,0.949,-350083,2.80
18:02:49.678 161754,1884,1.519,0.950,-350084,2.81
18:02:49.909 161979,1884,1.519,0.949,-350116,2.88
18:02:50.121 162202,1884,1.519,0.948,-350096,2.83
18:02:50.307 162394,1884,1.519,0.947,-350089,2.82
18:02:50.551 162621,1884,1.519,0.949,-350054,2.74
18:02:50.774 162846,1884,1.519,0.948,-350055,2.74
18:02:51.004 163073,1884,1.519,0.949,-350083,2.80
18:02:51.283 163362,1884,1.519,0.948,-350101,2.84
18:02:51.900 163583,1884,1.519,0.947,-350155,2.97
18:02:52.940 163774,1884,1.519,0.946,-350080,2.80
18:02:54.441 164029,1884,1.519,0.948,-350103,2.85
18:02:54.441 164246,1885,1.519,0.961,-350023,2.67
18:02:54.441 164462,1885,1.520,0.973,-350099,2.84
18:02:54.441 164709,1886,1.520,0.982,-350101,2.84
18:02:54.441 164922,1886,1.520,0.990,-350076,2.79
18:02:54.441 165169,1886,1.521,0.999,-350010,2.64
18:02:54.441 165415,1887,1.521,1.005,-350175,3.01
18:02:54.441 165633,1887,1.521,1.012,-350050,2.73
18:02:54.447 165878,1887,1.521,1.017,-350069,2.77
18:02:54.483 166153,1888,1.522,1.024,-350143,2.94
18:02:54.483 166401,1888,1.522,1.029,-350082,2.80
18:02:54.575 166652,1888,1.521,1.020,-350073,2.78
18:02:54.801 166875,1887,1.521,1.012,-350170,3.00
18:02:55.037 167101,1887,1.521,1.005,-350185,3.03
18:02:55.199 167267,1886,1.521,0.996,-350177,3.01
18:02:55.418 167491,1886,1.520,0.991,-350147,2.95
18:02:55.668 167742,1886,1.520,0.988,-350148,2.95
18:02:55.909 167997,1886,1.520,0.985,-350069,2.77
18:02:56.115 168187,1886,1.520,0.980,-350104,2.85
18:02:56.427 168445,1885,1.520,0.976,-350122,2.89
18:02:56.570 168643,1885,1.520,0.973,-350110,2.86
18:02:56.782 168867,1885,1.519,0.969,-350127,2.90
18:02:57.020 169088,1885,1.519,0.968,-350037,2.70
18:02:57.197 169280,1885,1.519,0.967,-350107,2.86
18:02:57.392 169473,1885,1.519,0.965,-350135,2.92
18:02:57.648 169728,1885,1.519,0.962,-350094,2.83
18:02:57.866 169956,1885,1.519,0.960,-350140,2.93
18:02:58.084 170153,1884,1.519,0.958,-350147,2.95
18:02:58.270 170350,1884,1.519,0.958,-350131,2.91
18:02:58.492 170579,1884,1.519,0.956,-350068,2.77
18:02:58.738 170805,1884,1.519,0.955,-350112,2.87
18:02:58.954 171029,1884,1.519,0.953,-350165,2.99
18:02:59.232 171323,1884,1.519,0.952,-350158,2.97
18:02:59.880 171614,1885,1.519,0.967,-350126,2.90
18:02:59.888 171801,1885,1.519,0.962,-350175,3.01
18:02:59.924 172018,1884,1.519,0.960,-350132,2.91
18:03:00.177 172249,1884,1.519,0.960,-350121,2.89
18:03:00.386 172475,1884,1.519,0.958,-350043,2.72
18:03:00.637 172730,1884,1.519,0.956,-350208,3.08
18:03:00.903 172990,1884,1.519,0.952,-350062,2.76
18:03:01.097 173184,1884,1.519,0.949,-350143,2.94
18:03:01.300 173376,1884,1.518,0.946,-350100,2.84
18:03:01.520 173573,1884,1.518,0.943,-350130,2.91
18:03:01.724 173803,1884,1.518,0.943,-350154,2.96
18:03:01.995 174063,1884,1.518,0.945,-350150,2.95
18:03:02.256 174321,1884,1.519,0.946,-350152,2.96
18:03:02.420 174510,1884,1.519,0.947,-350130,2.91
18:03:02.625 174704,1884,1.519,0.947,-350108,2.86
18:03:02.896 174963,1884,1.518,0.946,-350155,2.97
18:03:03.080 175155,1884,1.518,0.945,-350147,2.95
18:03:03.343 175413,1884,1.519,0.947,-350054,2.74
18:03:03.612 175700,1884,1.518,0.942,-350176,3.01
18:03:03.811 175892,1883,1.518,0.938,-350042,2.71
18:03:03.999 176083,1883,1.518,0.934,-350077,2.79
18:03:04.211 176278,1883,1.518,0.930,-350105,2.85
18:03:04.399 176471,1883,1.518,0.925,-350161,2.98
18:03:04.609 176698,1883,1.518,0.923,-350063,2.76
18:03:04.873 176952,1882,1.517,0.918,-350149,2.95
18:03:05.359 177141,1883,1.518,0.929,-350127,2.90
18:03:05.366 177327,1883,1.518,0.938,-350079,2.80
18:03:05.458 177545,1883,1.518,0.932,-350134,2.92
18:03:05.685 177774,1883,1.518,0.929,-350143,2.94
18:03:05.919 177997,1883,1.518,0.926,-350119,2.88
18:03:06.163 178249,1883,1.517,0.921,-350109,2.86
18:03:06.378 178471,1882,1.517,0.919,-350056,2.74
18:03:06.639 178700,1882,1.517,0.915,-350056,2.74
18:03:06.842 178922,1882,1.517,0.911,-350134,2.92
18:03:07.067 179152,1882,1.517,0.908,-350156,2.97
18:03:07.323 179413,1882,1.517,0.905,-349605,1.74
18:03:07.560 179634,1882,1.517,0.903,-350121,2.89
18:03:07.770 179861,1882,1.517,0.900,-350113,2.87
18:03:08.040 180118,1881,1.517,0.896,-350113,2.87
18:03:08.230 180308,1881,1.516,0.894,-350116,2.88
18:03:08.467 180535,1881,1.516,0.893,-350120,2.89
18:03:08.673 180763,1881,1.516,0.894,-350157,2.97
18:03:08.886 180956,1881,1.516,0.894,-350081,2.80
18:03:09.094 181181,1881,1.516,0.895,-350155,2.97
18:03:09.320 181406,1881,1.516,0.895,-350189,3.04
18:03:09.568 181634,1881,1.516,0.895,-350114,2.87
18:03:09.736 181825,1881,1.516,0.894,-350094,2.83
18:03:09.946 182021,1881,1.516,0.894,-350109,2.86
18:03:10.157 182245,1881,1.516,0.893,-350128,2.90
18:03:10.850 182471,1881,1.516,0.891,-350188,3.04
18:03:10.854 182718,1882,1.517,0.906,-350085,2.81
18:03:10.863 182905,1882,1.517,0.918,-350145,2.94
18:03:11.110 183188,1882,1.517,0.916,-350099,2.84
18:03:11.310 183382,1882,1.517,0.912,-350044,2.72
18:03:11.510 183577,1882,1.517,0.911,-350106,2.86
18:03:11.756 183832,1882,1.517,0.912,-350167,2.99
18:03:11.999 184087,1882,1.517,0.911,-350106,2.86
18:03:12.245 184310,1882,1.517,0.909,-350105,2.85
18:03:12.441 184532,1882,1.517,0.906,-349971,2.55
18:03:12.711 184789,1882,1.517,0.904,-350061,2.76
18:03:12.899 184984,1882,1.517,0.907,-349856,2.30
18:03:13.083 185171,1882,1.517,0.906,-349520,1.55
18:03:13.346 185428,1882,1.517,0.906,-349677,1.90
18:03:13.595 185683,1882,1.517,0.905,-349960,2.53
18:03:13.823 185903,1882,1.517,0.904,-350047,2.72
18:03:14.087 186160,1882,1.517,0.904,-350121,2.89
18:03:14.340 186416,1882,1.517,0.903,-350100,2.84
18:03:14.564 186641,1882,1.517,0.903,-350091,2.82
18:03:14.828 186899,1882,1.517,0.903,-350150,2.95
18:03:15.035 187125,1882,1.517,0.902,-350159,2.97
18:03:15.269 187349,1882,1.517,0.900,-350129,2.91
18:03:15.499 187570,1881,1.517,0.898,-350088,2.82
18:03:15.676 187765,1882,1.517,0.900,-350090,2.82
18:03:15.903 187989,1882,1.517,0.900,-350113,2.87
18:03:17.343 188205,1882,1.517,0.910,-350079,2.80
18:03:17.350 188450,1882,1.517,0.909,-350098,2.84
18:03:17.354 188695,1882,1.517,0.914,-350084,2.81
18:03:17.358 188883,1883,1.518,0.923,-350090,2.82
18:03:17.358 189100,1883,1.518,0.930,-350079,2.80
18:03:17.358 189316,1883,1.518,0.937,-350106,2.86
18:03:17.437 189510,1883,1.518,0.929,-350060,2.75
18:03:17.646 189732,1883,1.518,0.922,-350090,2.82
18:03:17.804 189894,1882,1.517,0.918,-350020,2.66
18:03:18.070 190146,1882,1.517,0.914,-350132,2.91
18:03:18.287 190371,1882,1.517,0.911,-350125,2.90
18:03:18.545 190629,1882,1.517,0.908,-350044,2.72
18:03:18.732 190824,1882,1.517,0.907,-350119,2.88
18:03:19.013 191082,1882,1.517,0.904,-350103,2.85
18:03:19.191 191278,1882,1.517,0.901,-350046,2.72
18:03:19.435 191503,1881,1.517,0.899,-350063,2.76
18:03:19.652 191729,1881,1.517,0.897,-350135,2.92
18:03:19.950 192017,1881,1.516,0.895,-350038,2.70
18:03:20.225 192305,1881,1.516,0.896,-350075,2.79
18:03:20.444 192529,1881,1.517,0.896,-350016,2.65
18:03:20.668 192753,1881,1.516,0.894,-350034,2.70
18:03:20.915 193005,1881,1.516,0.893,-350085,2.81
18:03:21.368 193443,1881,1.516,0.892,-350109,2.86
18:03:21.590 193666,1881,1.516,0.890,-350129,2.91
18:03:22.038 194070,1881,1.516,0.889,-350116,2.88
18:03:22.820 194512,1882,1.517,0.902,-350132,2.91
18:03:22.828 194702,1882,1.517,0.912,-350075,2.79
18:03:22.830 194919,1883,1.517,0.921,-350045,2.72
18:03:23.068 195147,1882,1.517,0.915,-350099,2.84
18:03:23.286 195367,1882,1.517,0.911,-350095,2.83
18:03:23.519 195593,1882,1.517,0.906,-350038,2.70
18:03:23.889 195973,1882,1.517,0.901,-350101,2.84
18:03:24.153 196227,1881,1.517,0.897,-350114,2.87
18:03:24.373 196447,1881,1.516,0.895,-350106,2.86
18:03:24.580 196667,1881,1.516,0.894,-350122,2.89
18:03:25.030 197109,1881,1.516,0.892,-350082,2.80
18:03:25.268 197336,1881,1.516,0.889,-350066,2.77
18:03:25.515 197590,1880,1.516,0.876,-350126,2.90
18:03:25.748 197816,1880,1.515,0.866,-350016,2.65
18:03:25.971 198042,1880,1.515,0.859,-350171,3.00
18:03:26.191 198270,1879,1.515,0.853,-350130,2.91
18:03:26.546 198619,1879,1.515,0.848,-350160,2.98
18:03:26.757 198841,1879,1.514,0.845,-350087,2.81
18:03:26.991 199065,1879,1.514,0.844,-350127,2.90
18:03:27.217 199288,1879,1.514,0.844,-350105,2.85
18:03:27.401 199481,1879,1.514,0.841,-350140,2.93
18:03:27.622 199707,1879,1.514,0.839,-350034,2.70
18:03:28.306 199936,1878,1.514,0.837,-350052,2.74
18:03:28.322 200305,1879,1.515,0.849,-350106,2.86
18:03:28.586 200652,1879,1.514,0.844,-350137,2.93
18:03:28.759 200847,1879,1.514,0.840,-350127,2.90
18:03:29.014 201099,1878,1.514,0.837,-350093,2.83
18:03:29.458 201540,1878,1.514,0.834,-350110,2.86
18:03:29.690 201767,1878,1.514,0.828,-350077,2.79
18:03:29.905 201990,1878,1.514,0.825,-350167,2.99
18:03:30.115 202191,1878,1.514,0.822,-350093,2.83
18:03:30.326 202412,1877,1.513,0.818,-350175,3.01
18:03:30.537 202608,1877,1.513,0.818,-350094,2.83
18:03:30.785 202860,1877,1.513,0.818,-350120,2.89
18:03:31.192 203272,1877,1.513,0.818,-350105,2.85
18:03:31.429 203499,1877,1.513,0.818,-350125,2.90
18:03:31.820 203907,1877,1.513,0.818,-350072,2.78
18:03:32.032 204103,1877,1.513,0.816,-350118,2.88
18:03:32.303 204358,1877,1.513,0.817,-350148,2.95
18:03:32.678 204770,1877,1.513,0.817,-350130,2.91
18:03:33.114 205185,1878,1.513,0.819,-350142,2.94
18:03:33.317 205407,1878,1.513,0.819,-350110,2.86
18:03:33.797 205804,1878,1.514,0.833,-350091,2.82
18:03:33.973 206056,1878,1.514,0.832,-350056,2.74
18:03:34.399 206468,1878,1.514,0.830,-350160,2.98
18:03:34.581 206659,1878,1.514,0.829,-350102,2.85
18:03:34.765 206853,1878,1.514,0.826,-350091,2.82
18:03:35.008 207074,1878,1.514,0.827,-350083,2.80
18:03:35.247 207330,1878,1.514,0.828,-350097,2.84
18:03:35.499 207583,1878,1.514,0.828,-350141,2.93
18:03:35.875 207965,1878,1.514,0.827,-350129,2.91
18:03:36.107 208187,1878,1.514,0.826,-350147,2.95
18:03:36.295 208379,1878,1.514,0.827,-350137,2.93
18:03:36.536 208606,1878,1.514,0.826,-350100,2.84
18:03:36.763 208829,1878,1.514,0.826,-350127,2.90
18:03:37.010 209086,1878,1.514,0.827,-350152,2.96
18:03:37.381 209465,1878,1.514,0.828,-350125,2.90
18:03:37.768 209842,1878,1.514,0.829,-350126,2.90
18:03:38.029 210093,1878,1.514,0.830,-350092,2.82
18:03:38.239 210316,1878,1.514,0.831,-350137,2.93
18:03:38.427 210512,1878,1.514,0.832,-350094,2.83
18:03:38.743 210831,1878,1.514,0.834,-350145,2.94
18:03:39.282 210991,1879,1.515,0.849,-350046,2.72
18:03:39.286 211205,1880,1.515,0.860,-350131,2.91
18:03:39.345 211420,1879,1.515,0.858,-350112,2.87
18:03:39.572 211639,1879,1.515,0.856,-350065,2.76
18:03:39.747 211834,1879,1.515,0.854,-350110,2.86
18:03:39.989 212059,1879,1.515,0.851,-350087,2.81
18:03:40.410 212496,1879,1.515,0.848,-350138,2.93
18:03:40.615 212689,1879,1.514,0.845,-350122,2.89
18:03:40.907 212978,1879,1.514,0.842,-350109,2.86
18:03:41.088 213171,1879,1.514,0.840,-350030,2.69
18:03:41.346 213426,1879,1.514,0.840,-350036,2.70
18:03:41.749 213836,1879,1.514,0.840,-349979,2.57
18:03:41.912 213997,1878,1.514,0.837,-350061,2.76
18:03:42.297 214372,1878,1.514,0.838,-350039,2.71
18:03:42.506 214594,1878,1.514,0.838,-350102,2.85
18:03:42.710 214783,1878,1.514,0.838,-350078,2.79
18:03:42.958 215037,1878,1.514,0.838,-350058,2.75
18:03:43.215 215291,1878,1.514,0.838,-350043,2.72
18:03:43.432 215514,1878,1.514,0.838,-350079,2.80
18:03:43.618 215709,1878,1.514,0.836,-350028,2.68
18:03:43.999 216082,1878,1.514,0.836,-350088,2.82
18:03:44.198 216276,1878,1.514,0.837,-350124,2.90
18:03:44.768 216527,1879,1.515,0.849,-350125,2.90
18:03:44.775 216770,1879,1.515,0.858,-350048,2.73
18:03:44.900 216990,1879,1.515,0.854,-350121,2.89
18:03:45.138 217213,1879,1.515,0.851,-350046,2.72
18:03:45.354 217437,1879,1.515,0.849,-350040,2.71
18:03:45.767 217853,1879,1.515,0.846,-350104,2.85
18:03:45.990 218079,1879,1.514,0.846,-350112,2.87
18:03:46.347 218429,1879,1.514,0.843,-350003,2.63
18:03:46.573 218651,1879,1.514,0.842,-350006,2.63
18:03:46.796 218874,1879,1.514,0.842,-350102,2.85
18:03:47.016 219098,1879,1.514,0.842,-350066,2.77
18:03:47.248 219320,1879,1.514,0.841,-350102,2.85
18:03:47.645 219728,1879,1.514,0.843,-350070,2.78
18:03:47.848 219922,1879,1.514,0.845,-350082,2.80
18:03:48.088 220177,1879,1.514,0.844,-350113,2.87
18:03:48.333 220402,1879,1.514,0.846,-350155,2.97
18:03:48.543 220627,1879,1.514,0.845,-350100,2.84
18:03:48.936 221008,1879,1.514,0.844,-350061,2.76
18:03:49.160 221231,1879,1.514,0.846,-350025,2.68
18:03:49.368 221455,1879,1.514,0.845,-350055,2.74
18:03:49.602 221677,1879,1.514,0.845,-350033,2.69
18:03:49.783 221869,1879,1.514,0.844,-350140,2.93
18:03:50.757 222141,1879,1.515,0.858,-350130,2.91
18:03:50.767 222385,1880,1.515,0.870,-350114,2.87
18:03:50.769 222745,1881,1.516,0.881,-350102,2.85
18:03:50.915 222994,1880,1.516,0.877,-350093,2.83
18:03:51.130 223215,1880,1.516,0.873,-350132,2.91
18:03:51.401 223470,1880,1.515,0.869,-350063,2.76
18:03:51.650 223721,1880,1.516,0.872,-350050,2.73
18:03:51.864 223944,1880,1.516,0.873,-350108,2.86
18:03:52.088 224168,1880,1.515,0.870,-350026,2.68
18:03:52.241 224332,1880,1.515,0.869,-350123,2.89
18:03:52.485 224555,1880,1.515,0.868,-350062,2.76
18:03:52.719 224782,1880,1.515,0.867,-350083,2.80
18:03:52.892 224976,1880,1.515,0.864,-350046,2.72
18:03:53.128 225202,1880,1.515,0.861,-350157,2.97
18:03:53.333 225423,1880,1.515,0.861,-350157,2.97
18:03:53.590 225678,1879,1.515,0.857,-350053,2.74
18:03:53.819 225902,1879,1.515,0.855,-350104,2.85
18:03:54.034 226095,1879,1.515,0.856,-352149,7.42
18:03:54.202 226286,1879,1.515,0.854,-366075,38.51
18:03:54.469 226537,1879,1.515,0.854,-371073,49.67
18:03:54.647 226732,1879,1.515,0.853,-370398,48.17
18:03:54.838 226923,1879,1.515,0.853,-370455,48.29
18:03:54.999 227086,1879,1.515,0.854,-376285,61.31
18:03:55.283 227341,1879,1.515,0.852,-391895,96.17
18:03:55.491 227571,1879,1.515,0.853,-393514,99.78
18:03:55.726 227797,1879,1.515,0.858,-393643,100.07
18:03:56.235 227993,1880,1.516,0.874,-393594,99.96
18:03:56.244 228180,1881,1.516,0.889,-393583,99.94
18:03:56.328 228400,1881,1.516,0.886,-393608,99.99
18:03:56.555 228627,1881,1.516,0.887,-393574,99.92
18:03:56.864 228951,1881,1.516,0.886,-393580,99.93
18:03:57.075 229144,1881,1.516,0.888,-393567,99.90
18:03:57.335 229404,1881,1.516,0.887,-393570,99.91
18:03:57.562 229633,1881,1.516,0.888,-393582,99.93
18:03:57.771 229859,1881,1.516,0.889,-393644,100.07
18:03:57.997 230084,1881,1.516,0.888,-393599,99.97
18:03:58.299 230374,1881,1.516,0.889,-393705,100.21
18:03:58.486 230569,1881,1.516,0.888,-393631,100.04
18:03:58.692 230765,1881,1.516,0.887,-393689,100.17
18:03:58.904 230990,1881,1.516,0.888,-393538,99.83
18:03:59.143 231218,1881,1.516,0.890,-393577,99.92
18:03:59.392 231472,1881,1.516,0.891,-393631,100.04
18:03:59.654 231735,1881,1.516,0.889,-393582,99.93
18:03:59.905 231989,1881,1.516,0.888,-393646,100.08
18:04:00.180 232246,1881,1.516,0.887,-393645,100.07
18:04:00.397 232471,1881,1.516,0.889,-393645,100.07
18:04:00.621 232688,1881,1.516,0.888,-393546,99.85
18:04:00.840 232911,1881,1.516,0.889,-393602,99.98
18:04:01.065 233135,1881,1.516,0.888,-393573,99.91
18:04:01.277 233355,1881,1.516,0.887,-393666,100.12
18:04:01.721 233572,1881,1.517,0.898,-393589,99.95
18:04:02.235 233807,1882,1.517,0.908,-393557,99.88
18:04:02.235 234053,1882,1.517,0.918,-393600,99.97
18:04:02.248 234239,1883,1.518,0.926,-393680,100.15
18:04:02.376 234461,1883,1.518,0.921,-393565,99.90
18:04:02.679 234748,1882,1.517,0.917,-393687,100.17
18:04:02.883 234971,1882,1.517,0.913,-393606,99.99
18:04:03.186 235262,1882,1.517,0.910,-393551,99.86
18:04:03.407 235487,1882,1.517,0.905,-393571,99.91
18:04:03.673 235745,1882,1.517,0.902,-393603,99.98
18:04:03.914 236003,1882,1.517,0.900,-393575,99.92
18:04:04.180 236260,1881,1.516,0.896,-393596,99.96
18:04:04.572 236642,1881,1.517,0.896,-393594,99.96
18:04:04.790 236868,1881,1.517,0.896,-393550,99.86
18:04:05.052 237125,1881,1.516,0.895,-393584,99.94
18:04:05.313 237381,1881,1.516,0.893,-393561,99.89
18:04:05.514 237605,1881,1.516,0.892,-393620,100.02
18:04:05.862 237952,1881,1.516,0.890,-393564,99.89
18:04:06.126 238208,1881,1.516,0.887,-393600,99.97
18:04:06.381 238465,1881,1.516,0.886,-393686,100.17
18:04:06.591 238659,1881,1.516,0.884,-393662,100.11
18:04:06.844 238914,1881,1.516,0.883,-393541,99.84
18:04:07.071 239142,1881,1.516,0.883,-393588,99.95
18:04:08.205 239458,1880,1.516,0.876,-393614,100.00
18:04:08.212 239675,1881,1.516,0.891,-393593,99.96
18:04:08.212 239860,1882,1.517,0.902,-393570,99.91
18:04:08.214 240106,1882,1.517,0.912,-393620,100.02
18:04:08.228 240320,1882,1.517,0.910,-393568,99.90
18:04:08.645 240729,1882,1.517,0.905,-393604,99.98
18:04:08.868 240954,1882,1.517,0.901,-393601,99.98
18:04:09.096 241178,1881,1.517,0.896,-393588,99.95
18:04:09.322 241404,1881,1.516,0.893,-393658,100.10
18:04:09.736 241812,1881,1.516,0.889,-393649,100.08
18:04:09.986 242066,1881,1.516,0.886,-393665,100.12
18:04:10.210 242288,1881,1.516,0.884,-393607,99.99
18:04:10.461 242543,1881,1.516,0.881,-393626,100.03
18:04:10.722 242798,1881,1.516,0.881,-393631,100.04
18:04:10.942 243023,1881,1.516,0.881,-393599,99.97
18:04:11.144 243212,1881,1.516,0.881,-393659,100.10
18:04:11.362 243433,1880,1.516,0.878,-393675,100.14
18:04:11.577 243654,1880,1.516,0.876,-393516,99.79
18:04:11.833 243909,1880,1.516,0.875,-393664,100.12
18:04:11.991 244071,1880,1.516,0.873,-393625,100.03
18:04:12.255 244326,1880,1.516,0.872,-393622,100.02
18:04:12.616 244700,1880,1.516,0.872,-393654,100.09
18:04:12.889 244960,1880,1.516,0.871,-393628,100.04
18:04:13.073 245156,1880,1.516,0.872,-393514,99.78
18:04:13.699 245379,1881,1.516,0.891,-393613,100.00
18:04:13.699 245566,1882,1.517,0.902,-393591,99.95
18:04:13.705 245780,1882,1.517,0.912,-393681,100.15
18:04:13.906 245977,1882,1.517,0.910,-393579,99.93
18:04:14.245 246327,1882,1.517,0.905,-393588,99.95
18:04:14.483 246551,1882,1.517,0.903,-393573,99.91
18:04:14.659 246744,1882,1.517,0.902,-393554,99.87
18:04:14.894 246969,1882,1.517,0.900,-393617,100.01
18:04:15.110 247191,1882,1.517,0.900,-393577,99.92
18:04:15.329 247411,1881,1.517,0.898,-393593,99.96
18:04:15.591 247665,1881,1.516,0.896,-393563,99.89
18:04:15.883 247951,1881,1.516,0.894,-393593,99.96
18:04:16.098 248175,1881,1.516,0.893,-393609,99.99
18:04:16.280 248371,1881,1.516,0.893,-393594,99.96
18:04:16.523 248594,1881,1.516,0.894,-393600,99.97
18:04:16.899 248976,1881,1.516,0.894,-393628,100.04
18:04:17.159 249230,1881,1.516,0.893,-393624,100.03
18:04:17.373 249453,1881,1.516,0.892,-393602,99.98
18:04:17.556 249645,1881,1.516,0.890,-393534,99.83
18:04:17.771 249840,1881,1.516,0.889,-393625,100.03
18:04:17.971 250063,1881,1.516,0.890,-393572,99.91
18:04:18.191 250273,1881,1.516,0.893,-393636,100.05
18:04:18.423 250497,1881,1.516,0.894,-393597,99.97
18:04:18.649 250721,1881,1.517,0.896,-393595,99.96
18:04:19.177 251061,1882,1.517,0.911,-393578,99.92
18:04:19.232 251306,1882,1.517,0.906,-393618,100.01
18:04:19.420 251498,1882,1.517,0.903,-393573,99.91
18:04:19.669 251751,1882,1.517,0.903,-392913,98.44
18:04:19.932 252005,1882,1.517,0.900,-392910,98.43
18:04:20.138 252228,1882,1.517,0.900,-393465,99.67
18:04:20.383 252450,1881,1.517,0.898,-393422,99.58
18:04:20.681 252767,1881,1.517,0.896,-393617,100.01
18:04:20.915 252989,1881,1.516,0.894,-392973,98.57
18:04:21.157 253244,1881,1.516,0.893,-393579,99.93
18:04:21.497 253564,1881,1.516,0.889,-393577,99.92
18:04:21.728 253818,1881,1.516,0.886,-393550,99.86
18:04:21.972 254042,1881,1.516,0.884,-393608,99.99
18:04:22.186 254266,1881,1.516,0.881,-393567,99.90
18:04:22.417 254488,1880,1.516,0.879,-393594,99.96
18:04:22.631 254713,1880,1.516,0.875,-393551,99.86
18:04:22.896 254968,1880,1.516,0.873,-393554,99.87
18:04:23.131 255193,1880,1.516,0.872,-393577,99.92
18:04:23.331 255416,1880,1.515,0.869,-393548,99.86
18:04:23.564 255642,1880,1.515,0.866,-393637,100.06
18:04:23.781 255865,1880,1.515,0.863,-393514,99.78
18:04:24.041 256124,1880,1.515,0.863,-393551,99.86
18:04:24.664 256314,1880,1.515,0.862,-393555,99.87
18:04:25.178 256532,1880,1.516,0.876,-393546,99.85
18:04:25.178 256897,1881,1.516,0.886,-393607,99.99
18:04:25.181 257112,1881,1.516,0.896,-393602,99.98
18:04:25.259 257328,1881,1.516,0.890,-393609,99.99
18:04:25.480 257556,1881,1.516,0.885,-393619,100.02
18:04:25.660 257747,1880,1.516,0.876,-393610,100.00
18:04:25.860 257942,1880,1.516,0.873,-393615,100.01
18:04:26.078 258164,1880,1.515,0.869,-393590,99.95
18:04:26.459 258546,1880,1.515,0.864,-393663,100.11
18:04:26.633 258708,1880,1.515,0.862,-393681,100.15
18:04:26.846 258932,1880,1.515,0.859,-393613,100.00
18:04:27.085 259157,1879,1.515,0.855,-393588,99.95
18:04:27.282 259353,1879,1.515,0.852,-393584,99.94
18:04:27.493 259581,1879,1.515,0.848,-393614,100.00
18:04:27.761 259833,1879,1.514,0.845,-393625,100.03
18:04:27.993 260085,1879,1.514,0.845,-393618,100.01
18:04:28.223 260306,1879,1.514,0.842,-393626,100.03
18:04:28.416 260500,1879,1.514,0.840,-393642,100.07
18:04:28.675 260758,1878,1.514,0.838,-393720,100.24
18:04:28.894 260979,1878,1.514,0.834,-393648,100.08
18:04:29.129 261206,1878,1.514,0.832,-393623,100.02
18:04:29.374 261461,1878,1.514,0.833,-393625,100.03
18:04:29.590 261680,1878,1.514,0.833,-393579,99.93
18:04:29.863 261937,1878,1.514,0.832,-393667,100.12
18:04:30.107 262195,1878,1.514,0.831,-393653,100.09
18:04:30.646 262418,1879,1.514,0.844,-393611,100.00
18:04:30.659 262662,1879,1.515,0.853,-393572,99.91
18:04:30.800 262886,1879,1.515,0.848,-393659,100.10
18:04:30.998 263076,1879,1.514,0.845,-393645,100.07
18:04:31.214 263299,1879,1.514,0.842,-393631,100.04
18:04:31.420 263493,1879,1.514,0.840,-393656,100.10
18:04:31.641 263719,1878,1.514,0.838,-393639,100.06
18:04:31.834 263913,1878,1.514,0.834,-393626,100.03
18:04:32.240 264319,1878,1.514,0.830,-393691,100.18
18:04:32.496 264575,1878,1.514,0.827,-393661,100.11
18:04:32.712 264797,1878,1.514,0.824,-393673,100.14
18:04:32.949 265024,1878,1.514,0.822,-393694,100.18
18:04:33.142 265214,1878,1.513,0.819,-393657,100.10
18:04:33.335 265408,1877,1.513,0.817,-393675,100.14
18:04:33.686 265752,1877,1.513,0.815,-393641,100.06
18:04:33.855 265945,1877,1.513,0.814,-393663,100.11
18:04:34.092 266170,1877,1.513,0.814,-393599,99.97
18:04:34.325 266395,1877,1.513,0.813,-393688,100.17
18:04:34.540 266630,1877,1.513,0.811,-393640,100.06
18:04:34.762 266849,1877,1.513,0.810,-393646,100.08
18:04:34.962 267036,1877,1.513,0.811,-393615,100.01
18:04:35.216 267290,1877,1.513,0.812,-393617,100.01
18:04:35.406 267481,1877,1.513,0.812,-393673,100.14
18:04:35.659 267735,1877,1.513,0.813,-393639,100.06
18:04:36.138 268012,1878,1.514,0.826,-393629,100.04
18:04:36.141 268198,1878,1.514,0.823,-393621,100.02
18:04:36.343 268425,1878,1.514,0.824,-393585,99.94
18:04:36.825 268899,1878,1.514,0.824,-393567,99.90
18:04:37.075 269155,1878,1.514,0.823,-393580,99.93
18:04:37.472 269536,1878,1.514,0.823,-393668,100.13
18:04:37.847 269919,1878,1.514,0.822,-393620,100.02
18:04:38.113 270203,1878,1.514,0.822,-393572,99.91
18:04:38.629 270709,1878,1.514,0.822,-393672,100.13
18:04:38.845 270926,1878,1.514,0.823,-393478,99.70
18:04:39.064 271149,1878,1.514,0.825,-393597,99.97
18:04:39.340 271432,1878,1.514,0.826,-393636,100.05
18:04:39.565 271623,1878,1.514,0.826,-393562,99.89
18:04:39.802 271880,1878,1.514,0.825,-393582,99.93
18:04:40.675 272751,1878,1.514,0.824,-393568,99.90
18:04:40.917 273005,1878,1.514,0.826,-393636,100.05
18:04:41.147 273231,1878,1.514,0.825,-393586,99.94
18:04:41.623 273450,1879,1.514,0.841,-393627,100.03
18:04:41.628 273669,1879,1.515,0.854,-393614,100.00
18:04:41.793 273864,1879,1.515,0.849,-393681,100.15
18:04:42.126 274215,1879,1.514,0.846,-393584,99.94
18:04:42.364 274438,1879,1.514,0.841,-393618,100.01
18:04:42.575 274666,1879,1.514,0.839,-393583,99.94
18:04:42.773 274858,1878,1.514,0.837,-393659,100.10
18:04:42.991 275084,1878,1.514,0.835,-393608,99.99
18:04:43.231 275314,1878,1.514,0.833,-393623,100.02
